31	30
0.000009999999747	0.000009999999747	0.000000000055130
0.000009999999747	0.000012589000107	0.000000000138470
0.000009999999747	0.000015849000192	0.000000000347750
0.000009999999747	0.000019953000447	0.000000000873240
0.000009999999747	0.000025118999474	0.000000002192500
0.000009999999747	0.000031622999813	0.000000005503200
0.000009999999747	0.000039810998715	0.000000013807000
0.000009999999747	0.000050119000662	0.000000034618001
0.000009999999747	0.000063095998485	0.000000086702002
0.000009999999747	0.000079432997154	0.000000216779995
0.000009999999747	0.000099999997474	0.000000540549991
0.000009999999747	0.000125890001073	0.000001342199994
0.000009999999747	0.000158490001922	0.000003310799912
0.000009999999747	0.000199529997190	0.000008082900422
0.000009999999747	0.000251190009294	0.000019422999685
0.000009999999747	0.000316229998134	0.000045569999202
0.000009999999747	0.000398109987145	0.000103190002847
0.000009999999747	0.000501190021168	0.000222200003918
0.000009999999747	0.000630959984846	0.000446889986051
0.000009999999747	0.000794329971541	0.000824589980766
0.000009999999747	0.001000000047497	0.001376600004733
0.000009999999747	0.001258900039829	0.002068700036034
0.000009999999747	0.001584899961017	0.002812999999151
0.000009999999747	0.001995299942791	0.003509999951348
0.000009999999747	0.002511899918318	0.004091800190508
0.000009999999747	0.003162299981341	0.004536500200629
0.000009999999747	0.003981099929661	0.004855399951339
0.000009999999747	0.005011899862438	0.005074100103229
0.000009999999747	0.006309600081295	0.005219900049269
0.000009999999747	0.007943299598992	0.005315000191331
0.000012589000107	0.000009999999747	0.000000000136890
0.000012589000107	0.000012589000107	0.000000000343820
0.000012589000107	0.000015849000192	0.000000000863470
0.000012589000107	0.000019953000447	0.000000002168300
0.000012589000107	0.000025118999474	0.000000005444000
0.000012589000107	0.000031622999813	0.000000013665000
0.000012589000107	0.000039810998715	0.000000034284000
0.000012589000107	0.000050119000662	0.000000085958000
0.000012589000107	0.000063095998485	0.000000215279996
0.000012589000107	0.000079432997154	0.000000538270001
0.000012589000107	0.000099999997474	0.000001342199994
0.000012589000107	0.000125890001073	0.000003332799906
0.000012589000107	0.000158490001922	0.000008220799828
0.000012589000107	0.000199529997190	0.000020069999664
0.000012589000107	0.000251190009294	0.000048228001106
0.000012589000107	0.000316229998134	0.000113139998575
0.000012589000107	0.000398109987145	0.000256189989159
0.000012589000107	0.000501190021168	0.000551539997105
0.000012589000107	0.000630959984846	0.001108899945393
0.000012589000107	0.000794329971541	0.002044999971986
0.000012589000107	0.001000000047497	0.003411300014704
0.000012589000107	0.001258900039829	0.005120899993926
0.000012589000107	0.001584899961017	0.006955900229514
0.000012589000107	0.001995299942791	0.008670399896801
0.000012589000107	0.002511899918318	0.010099000297487
0.000012589000107	0.003162299981341	0.011188999749720
0.000012589000107	0.003981099929661	0.011970000341535
0.000012589000107	0.005011899862438	0.012505000457168
0.000012589000107	0.006309600081295	0.012861999683082
0.000012589000107	0.007943299598992	0.013093999586999
0.000015849000192	0.000009999999747	0.000000000337670
0.000015849000192	0.000012589000107	0.000000000848080
0.000015849000192	0.000015849000192	0.000000002129900
0.000015849000192	0.000019953000447	0.000000005348500
0.000015849000192	0.000025118999474	0.000000013428000
0.000015849000192	0.000031622999813	0.000000033706002
0.000015849000192	0.000039810998715	0.000000084566999
0.000015849000192	0.000050119000662	0.000000212030002
0.000015849000192	0.000063095998485	0.000000531030025
0.000015849000192	0.000079432997154	0.000001327700033
0.000015849000192	0.000099999997474	0.000003310799912
0.000015849000192	0.000125890001073	0.000008220799828
0.000015849000192	0.000158490001922	0.000020277999283
0.000015849000192	0.000199529997190	0.000049504000344
0.000015849000192	0.000251190009294	0.000118950003525
0.000015849000192	0.000316229998134	0.000279039988527
0.000015849000192	0.000398109987145	0.000631709990557
0.000015849000192	0.000501190021168	0.001359399990179
0.000015849000192	0.000630959984846	0.002730899956077
0.000015849000192	0.000794329971541	0.005029200110584
0.000015849000192	0.001000000047497	0.008372600190341
0.000015849000192	0.001258900039829	0.012536999769509
0.000015849000192	0.001584899961017	0.016984999179840
0.000015849000192	0.001995299942791	0.021118000149727
0.000015849000192	0.002511899918318	0.024546999484301
0.000015849000192	0.003162299981341	0.027154000476003
0.000015849000192	0.003981099929661	0.029015999287367
0.000015849000192	0.005011899862438	0.030291000381112
0.000015849000192	0.006309600081295	0.031137999147177
0.000015849000192	0.007943299598992	0.031690999865532
0.000019953000447	0.000009999999747	0.000000000824380
0.000019953000447	0.000012589000107	0.000000002070500
0.000019953000447	0.000015849000192	0.000000005199900
0.000019953000447	0.000019953000447	0.000000013058000
0.000019953000447	0.000025118999474	0.000000032784001
0.000019953000447	0.000031622999813	0.000000082290001
0.000019953000447	0.000039810998715	0.000000206460001
0.000019953000447	0.000050119000662	0.000000517649994
0.000019953000447	0.000063095998485	0.000001296500045
0.000019953000447	0.000079432997154	0.000003241500053
0.000019953000447	0.000099999997474	0.000008082900422
0.000019953000447	0.000125890001073	0.000020069999664
0.000019953000447	0.000158490001922	0.000049504000344
0.000019953000447	0.000199529997190	0.000120850003441
0.000019953000447	0.000251190009294	0.000290360010695
0.000019953000447	0.000316229998134	0.000680979981553
0.000019953000447	0.000398109987145	0.001540799974464
0.000019953000447	0.000501190021168	0.003312299959362
0.000019953000447	0.000630959984846	0.006641100160778
0.000019953000447	0.000794329971541	0.012190000154078
0.000019953000447	0.001000000047497	0.020197000354528
0.000019953000447	0.001258900039829	0.030066000297666
0.000019953000447	0.001584899961017	0.040474999696016
0.000019953000447	0.001995299942791	0.050034999847412
0.000019953000447	0.002511899918318	0.057881001383066
0.000019953000447	0.003162299981341	0.063796997070312
0.000019953000447	0.003981099929661	0.067997001111507
0.000019953000447	0.005011899862438	0.070858001708984
0.000019953000447	0.006309600081295	0.072755001485348
0.000019953000447	0.007943299598992	0.073990002274513
0.000025118999474	0.000009999999747	0.000000001981000
0.000025118999474	0.000012589000107	0.000000004975500
0.000025118999474	0.000015849000192	0.000000012496000
0.000025118999474	0.000019953000447	0.000000031378001
0.000025118999474	0.000025118999474	0.000000078783003
0.000025118999474	0.000031622999813	0.000000197749998
0.000025118999474	0.000039810998715	0.000000496139990
0.000025118999474	0.000050119000662	0.000001243899987
0.000025118999474	0.000063095998485	0.000003115500022
0.000025118999474	0.000079432997154	0.000007789500160
0.000025118999474	0.000099999997474	0.000019422999685
0.000025118999474	0.000125890001073	0.000048228001106
0.000025118999474	0.000158490001922	0.000118950003525
0.000025118999474	0.000199529997190	0.000290360010695
0.000025118999474	0.000251190009294	0.000697479990777
0.000025118999474	0.000316229998134	0.001634899992496
0.000025118999474	0.000398109987145	0.003694799961522
0.000025118999474	0.000501190021168	0.007922800257802
0.000025118999474	0.000630959984846	0.015812000259757
0.000025118999474	0.000794329971541	0.028800999745727
0.000025118999474	0.001000000047497	0.047198001295328
0.000025118999474	0.001258900039829	0.069325000047684
0.000025118999474	0.001584899961017	0.092036999762058
0.000025118999474	0.001995299942791	0.112350001931190
0.000025118999474	0.002511899918318	0.128639996051788
0.000025118999474	0.003162299981341	0.140709996223450
0.000025118999474	0.003981099929661	0.149169996380806
0.000025118999474	0.005011899862438	0.154880002140999
0.000025118999474	0.006309600081295	0.158639997243881
0.000025118999474	0.007943299598992	0.161080002784729
0.000031622999813	0.000009999999747	0.000000004647800
0.000031622999813	0.000012589000107	0.000000011673000
0.000031622999813	0.000015849000192	0.000000029317000
0.000031622999813	0.000019953000447	0.000000073618999
0.000031622999813	0.000025118999474	0.000000184840005
0.000031622999813	0.000031622999813	0.000000463949988
0.000031622999813	0.000039810998715	0.000001163999968
0.000031622999813	0.000050119000662	0.000002918500059
0.000031622999813	0.000063095998485	0.000007309400189
0.000031622999813	0.000079432997154	0.000018274999093
0.000031622999813	0.000099999997474	0.000045569999202
0.000031622999813	0.000125890001073	0.000113139998575
0.000031622999813	0.000158490001922	0.000279039988527
0.000031622999813	0.000199529997190	0.000680979981553
0.000031622999813	0.000251190009294	0.001634899992496
0.000031622999813	0.000316229998134	0.003827200038359
0.000031622999813	0.000398109987145	0.008625599555671
0.000031622999813	0.000501190021168	0.018392000347376
0.000031622999813	0.000630959984846	0.036322999745607
0.000031622999813	0.000794329971541	0.065049000084400
0.000031622999813	0.001000000047497	0.104120001196861
0.000031622999813	0.001258900039829	0.148770004510880
0.000031622999813	0.001584899961017	0.192129999399185
0.000031622999813	0.001995299942791	0.228960007429123
0.000031622999813	0.002511899918318	0.257270008325577
0.000031622999813	0.003162299981341	0.277559995651245
0.000031622999813	0.003981099929661	0.291449993848801
0.000031622999813	0.005011899862438	0.300680011510849
0.000031622999813	0.006309600081295	0.306699991226196
0.000031622999813	0.007943299598992	0.310570001602173
0.000039810998715	0.000009999999747	0.000000010526000
0.000039810998715	0.000012589000107	0.000000026436000
0.000039810998715	0.000015849000192	0.000000066393000
0.000039810998715	0.000019953000447	0.000000166720000
0.000039810998715	0.000025118999474	0.000000418589991
0.000039810998715	0.000031622999813	0.000001050700007
0.000039810998715	0.000039810998715	0.000002636099907
0.000039810998715	0.000050119000662	0.000006609299817
0.000039810998715	0.000063095998485	0.000016553000023
0.000039810998715	0.000079432997154	0.000041385999793
0.000039810998715	0.000099999997474	0.000103190002847
0.000039810998715	0.000125890001073	0.000256189989159
0.000039810998715	0.000158490001922	0.000631709990557
0.000039810998715	0.000199529997190	0.001540799974464
0.000039810998715	0.000251190009294	0.003694799961522
0.000039810998715	0.000316229998134	0.008625599555671
0.000039810998715	0.000398109987145	0.019323000684381
0.000039810998715	0.000501190021168	0.040704999119043
0.000039810998715	0.000630959984846	0.078647002577782
0.000039810998715	0.000794329971541	0.136120006442070
0.000039810998715	0.001000000047497	0.208360001444817
0.000039810998715	0.001258900039829	0.283549994230270
0.000039810998715	0.001584899961017	0.350050002336502
0.000039810998715	0.001995299942791	0.402090013027191
0.000039810998715	0.002511899918318	0.439599990844727
0.000039810998715	0.003162299981341	0.465259999036789
0.000039810998715	0.003981099929661	0.482270002365112
0.000039810998715	0.005011899862438	0.493339985609055
0.000039810998715	0.006309600081295	0.500450015068054
0.000039810998715	0.007943299598992	0.504999995231628
0.000050119000662	0.000009999999747	0.000000022667001
0.000050119000662	0.000012589000107	0.000000056929998
0.000050119000662	0.000015849000192	0.000000142969995
0.000050119000662	0.000019953000447	0.000000359029997
0.000050119000662	0.000025118999474	0.000000901419980
0.000050119000662	0.000031622999813	0.000002262599992
0.000050119000662	0.000039810998715	0.000005676699857
0.000050119000662	0.000050119000662	0.000014233000002
0.000050119000662	0.000063095998485	0.000035646000470
0.000050119000662	0.000079432997154	0.000089120003395
0.000050119000662	0.000099999997474	0.000222200003918
0.000050119000662	0.000125890001073	0.000551539997105
0.000050119000662	0.000158490001922	0.001359399990179
0.000050119000662	0.000199529997190	0.003312299959362
0.000050119000662	0.000251190009294	0.007922800257802
0.000050119000662	0.000316229998134	0.018392000347376
0.000050119000662	0.000398109987145	0.040704999119043
0.000050119000662	0.000501190021168	0.083724997937679
0.000050119000662	0.000630959984846	0.155279994010925
0.000050119000662	0.000794329971541	0.253340005874634
0.000050119000662	0.001000000047497	0.361750006675720
0.000050119000662	0.001258900039829	0.460130006074905
0.000050119000662	0.001584899961017	0.537000000476837
0.000050119000662	0.001995299942791	0.591539978981018
0.000050119000662	0.002511899918318	0.628149986267090
0.000050119000662	0.003162299981341	0.652010023593903
0.000050119000662	0.003981099929661	0.667330026626587
0.000050119000662	0.005011899862438	0.677089989185333
0.000050119000662	0.006309600081295	0.683279991149902
0.000050119000662	0.007943299598992	0.687200009822845
0.000063095998485	0.000009999999747	0.000000045598998
0.000063095998485	0.000012589000107	0.000000114530003
0.000063095998485	0.000015849000192	0.000000287619997
0.000063095998485	0.000019953000447	0.000000722259983
0.000063095998485	0.000025118999474	0.000001813399990
0.000063095998485	0.000031622999813	0.000004551699931
0.000063095998485	0.000039810998715	0.000011420000192
0.000063095998485	0.000050119000662	0.000028631999157
0.000063095998485	0.000063095998485	0.000071706999734
0.000063095998485	0.000079432997154	0.000179270005901
0.000063095998485	0.000099999997474	0.000446889986051
0.000063095998485	0.000125890001073	0.001108899945393
0.000063095998485	0.000158490001922	0.002730899956077
0.000063095998485	0.000199529997190	0.006641100160778
0.000063095998485	0.000251190009294	0.015812000259757
0.000063095998485	0.000316229998134	0.036322999745607
0.000063095998485	0.000398109987145	0.078647002577782
0.000063095998485	0.000501190021168	0.155279994010925
0.000063095998485	0.000630959984846	0.269959986209869
0.000063095998485	0.000794329971541	0.405680000782013
0.000063095998485	0.001000000047497	0.532750010490417
0.000063095998485	0.001258900039829	0.631619989871979
0.000063095998485	0.001584899961017	0.699989974498749
0.000063095998485	0.001995299942791	0.744470000267029
0.000063095998485	0.002511899918318	0.772639989852905
0.000063095998485	0.003162299981341	0.790319979190826
0.000063095998485	0.003981099929661	0.801410019397736
0.000063095998485	0.005011899862438	0.808369994163513
0.000063095998485	0.006309600081295	0.812740027904510
0.000063095998485	0.007943299598992	0.815479993820190
0.000079432997154	0.000009999999747	0.000000084169002
0.000079432997154	0.000012589000107	0.000000211400007
0.000079432997154	0.000015849000192	0.000000530909972
0.000079432997154	0.000019953000447	0.000001333199975
0.000079432997154	0.000025118999474	0.000003347199936
0.000079432997154	0.000031622999813	0.000008401700143
0.000079432997154	0.000039810998715	0.000021079000362
0.000079432997154	0.000050119000662	0.000052849001804
0.000079432997154	0.000063095998485	0.000132350003696
0.000079432997154	0.000079432997154	0.000330849987222
0.000079432997154	0.000099999997474	0.000824589980766
0.000079432997154	0.000125890001073	0.002044999971986
0.000079432997154	0.000158490001922	0.005029200110584
0.000079432997154	0.000199529997190	0.012190000154078
0.000079432997154	0.000251190009294	0.028800999745727
0.000079432997154	0.000316229998134	0.065049000084400
0.000079432997154	0.000398109987145	0.136120006442070
0.000079432997154	0.000501190021168	0.253340005874634
0.000079432997154	0.000630959984846	0.405680000782013
0.000079432997154	0.000794329971541	0.557510018348694
0.000079432997154	0.001000000047497	0.677900016307831
0.000079432997154	0.001258900039829	0.759890019893646
0.000079432997154	0.001584899961017	0.811559975147247
0.000079432997154	0.001995299942791	0.843200027942657
0.000079432997154	0.002511899918318	0.862500011920929
0.000079432997154	0.003162299981341	0.874329984188080
0.000079432997154	0.003981099929661	0.881640017032623
0.000079432997154	0.005011899862438	0.886189997196198
0.000079432997154	0.006309600081295	0.889029979705811
0.000079432997154	0.007943299598992	0.890799999237061
0.000099999997474	0.000009999999747	0.000000140599994
0.000099999997474	0.000012589000107	0.000000353119987
0.000099999997474	0.000015849000192	0.000000886839985
0.000099999997474	0.000019953000447	0.000002227000095
0.000099999997474	0.000025118999474	0.000005591300123
0.000099999997474	0.000031622999813	0.000014033999832
0.000099999997474	0.000039810998715	0.000035209999623
0.000099999997474	0.000050119000662	0.000088276996394
0.000099999997474	0.000063095998485	0.000221060006879
0.000099999997474	0.000079432997154	0.000552529993001
0.000099999997474	0.000099999997474	0.001376600004733
0.000099999997474	0.000125890001073	0.003411300014704
0.000099999997474	0.000158490001922	0.008372600190341
0.000099999997474	0.000199529997190	0.020197000354528
0.000099999997474	0.000251190009294	0.047198001295328
0.000099999997474	0.000316229998134	0.104120001196861
0.000099999997474	0.000398109987145	0.208360001444817
0.000099999997474	0.000501190021168	0.361750006675720
0.000099999997474	0.000630959984846	0.532750010490417
0.000099999997474	0.000794329971541	0.677900016307831
0.000099999997474	0.001000000047497	0.778550028800964
0.000099999997474	0.001258900039829	0.840929985046387
0.000099999997474	0.001584899961017	0.877960026264191
0.000099999997474	0.001995299942791	0.899829983711243
0.000099999997474	0.002511899918318	0.912880003452301
0.000099999997474	0.003162299981341	0.920769989490509
0.000099999997474	0.003981099929661	0.925610005855560
0.000099999997474	0.005011899862438	0.928600013256073
0.000099999997474	0.006309600081295	0.930469989776611
0.000099999997474	0.007943299598992	0.931630015373230
0.000125890001073	0.000009999999747	0.000000211420002
0.000125890001073	0.000012589000107	0.000000531010016
0.000125890001073	0.000015849000192	0.000001333600039
0.000125890001073	0.000019953000447	0.000003348799964
0.000125890001073	0.000025118999474	0.000008407900168
0.000125890001073	0.000031622999813	0.000021104000552
0.000125890001073	0.000039810998715	0.000052947001677
0.000125890001073	0.000050119000662	0.000132739995024
0.000125890001073	0.000063095998485	0.000332389987307
0.000125890001073	0.000079432997154	0.000830640026834
0.000125890001073	0.000099999997474	0.002068700036034
0.000125890001073	0.000125890001073	0.005120899993926
0.000125890001073	0.000158490001922	0.012536999769509
0.000125890001073	0.000199529997190	0.030066000297666
0.000125890001073	0.000251190009294	0.069325000047684
0.000125890001073	0.000316229998134	0.148770004510880
0.000125890001073	0.000398109987145	0.283549994230270
0.000125890001073	0.000501190021168	0.460130006074905
0.000125890001073	0.000630959984846	0.631619989871979
0.000125890001073	0.000794329971541	0.759890019893646
0.000125890001073	0.001000000047497	0.840929985046387
0.000125890001073	0.001258900039829	0.888260006904602
0.000125890001073	0.001584899961017	0.915380001068115
0.000125890001073	0.001995299942791	0.931070029735565
0.000125890001073	0.002511899918318	0.940320014953613
0.000125890001073	0.003162299981341	0.945879995822906
0.000125890001073	0.003981099929661	0.949270009994507
0.000125890001073	0.005011899862438	0.951359987258911
0.000125890001073	0.006309600081295	0.952660024166107
0.000125890001073	0.007943299598992	0.953469991683960
0.000158490001922	0.000009999999747	0.000000287710009
0.000158490001922	0.000012589000107	0.000000722610025
0.000158490001922	0.000015849000192	0.000001814800044
0.000158490001922	0.000019953000447	0.000004557200100
0.000158490001922	0.000025118999474	0.000011441999959
0.000158490001922	0.000031622999813	0.000028717999157
0.000158490001922	0.000039810998715	0.000072050002927
0.000158490001922	0.000050119000662	0.000180629998795
0.000158490001922	0.000063095998485	0.000452270003734
0.000158490001922	0.000079432997154	0.001129999989644
0.000158490001922	0.000099999997474	0.002812999999151
0.000158490001922	0.000125890001073	0.006955900229514
0.000158490001922	0.000158490001922	0.016984999179840
0.000158490001922	0.000199529997190	0.040474999696016
0.000158490001922	0.000251190009294	0.092036999762058
0.000158490001922	0.000316229998134	0.192129999399185
0.000158490001922	0.000398109987145	0.350050002336502
0.000158490001922	0.000501190021168	0.537000000476837
0.000158490001922	0.000630959984846	0.699989974498749
0.000158490001922	0.000794329971541	0.811559975147247
0.000158490001922	0.001000000047497	0.877960026264191
0.000158490001922	0.001258900039829	0.915380001068115
0.000158490001922	0.001584899961017	0.936389982700348
0.000158490001922	0.001995299942791	0.948409974575043
0.000158490001922	0.002511899918318	0.955439984798431
0.000158490001922	0.003162299981341	0.959649980068207
0.000158490001922	0.003981099929661	0.962209999561310
0.000158490001922	0.005011899862438	0.963789999485016
0.000158490001922	0.006309600081295	0.964770019054413
0.000158490001922	0.007943299598992	0.965380012989044
0.000199529997190	0.000009999999747	0.000000359240005
0.000199529997190	0.000012589000107	0.000000902270017
0.000199529997190	0.000015849000192	0.000002265999910
0.000199529997190	0.000019953000447	0.000005690199941
0.000199529997190	0.000025118999474	0.000014285999896
0.000199529997190	0.000031622999813	0.000035859000491
0.000199529997190	0.000039810998715	0.000089963003120
0.000199529997190	0.000050119000662	0.000225530005991
0.000199529997190	0.000063095998485	0.000564649992157
0.000199529997190	0.000079432997154	0.001410600030795
0.000199529997190	0.000099999997474	0.003509999951348
0.000199529997190	0.000125890001073	0.008670399896801
0.000199529997190	0.000158490001922	0.021118000149727
0.000199529997190	0.000199529997190	0.050034999847412
0.000199529997190	0.000251190009294	0.112350001931190
0.000199529997190	0.000316229998134	0.228960007429123
0.000199529997190	0.000398109987145	0.402090013027191
0.000199529997190	0.000501190021168	0.591539978981018
0.000199529997190	0.000630959984846	0.744470000267029
0.000199529997190	0.000794329971541	0.843200027942657
0.000199529997190	0.001000000047497	0.899829983711243
0.000199529997190	0.001258900039829	0.931070029735565
0.000199529997190	0.001584899961017	0.948409974575043
0.000199529997190	0.001995299942791	0.958249986171722
0.000199529997190	0.002511899918318	0.963989973068237
0.000199529997190	0.003162299981341	0.967419981956482
0.000199529997190	0.003981099929661	0.969510018825531
0.000199529997190	0.005011899862438	0.970790028572083
0.000199529997190	0.006309600081295	0.971580028533936
0.000199529997190	0.007943299598992	0.972079992294312
0.000251190009294	0.000009999999747	0.000000419039992
0.000251190009294	0.000012589000107	0.000001052399966
0.000251190009294	0.000015849000192	0.000002643100061
0.000251190009294	0.000019953000447	0.000006637299975
0.000251190009294	0.000025118999474	0.000016664000213
0.000251190009294	0.000031622999813	0.000041826999222
0.000251190009294	0.000039810998715	0.000104929997178
0.000251190009294	0.000050119000662	0.000263049994828
0.000251190009294	0.000063095998485	0.000658569973893
0.000251190009294	0.000079432997154	0.001644999952987
0.000251190009294	0.000099999997474	0.004091800190508
0.000251190009294	0.000125890001073	0.010099000297487
0.000251190009294	0.000158490001922	0.024546999484301
0.000251190009294	0.000199529997190	0.057881001383066
0.000251190009294	0.000251190009294	0.128639996051788
0.000251190009294	0.000316229998134	0.257270008325577
0.000251190009294	0.000398109987145	0.439599990844727
0.000251190009294	0.000501190021168	0.628149986267090
0.000251190009294	0.000630959984846	0.772639989852905
0.000251190009294	0.000794329971541	0.862500011920929
0.000251190009294	0.001000000047497	0.912880003452301
0.000251190009294	0.001258900039829	0.940320014953613
0.000251190009294	0.001584899961017	0.955439984798431
0.000251190009294	0.001995299942791	0.963989973068237
0.000251190009294	0.002511899918318	0.968970000743866
0.000251190009294	0.003162299981341	0.971939980983734
0.000251190009294	0.003981099929661	0.973739981651306
0.000251190009294	0.005011899862438	0.974849998950958
0.000251190009294	0.006309600081295	0.975539982318878
0.000251190009294	0.007943299598992	0.975969970226288
0.000316229998134	0.000009999999747	0.000000464779987
0.000316229998134	0.000012589000107	0.000001167299956
0.000316229998134	0.000015849000192	0.000002931700010
0.000316229998134	0.000019953000447	0.000007361899861
0.000316229998134	0.000025118999474	0.000018483000531
0.000316229998134	0.000031622999813	0.000046393000957
0.000316229998134	0.000039810998715	0.000116390001494
0.000316229998134	0.000050119000662	0.000291759992251
0.000316229998134	0.000063095998485	0.000730409985408
0.000316229998134	0.000079432997154	0.001824200036936
0.000316229998134	0.000099999997474	0.004536500200629
0.000316229998134	0.000125890001073	0.011188999749720
0.000316229998134	0.000158490001922	0.027154000476003
0.000316229998134	0.000199529997190	0.063796997070312
0.000316229998134	0.000251190009294	0.140709996223450
0.000316229998134	0.000316229998134	0.277559995651245
0.000316229998134	0.000398109987145	0.465259999036789
0.000316229998134	0.000501190021168	0.652010023593903
0.000316229998134	0.000630959984846	0.790319979190826
0.000316229998134	0.000794329971541	0.874329984188080
0.000316229998134	0.001000000047497	0.920769989490509
0.000316229998134	0.001258900039829	0.945879995822906
0.000316229998134	0.001584899961017	0.959649980068207
0.000316229998134	0.001995299942791	0.967419981956482
0.000316229998134	0.002511899918318	0.971939980983734
0.000316229998134	0.003162299981341	0.974629998207092
0.000316229998134	0.003981099929661	0.976270020008087
0.000316229998134	0.005011899862438	0.977270007133484
0.000316229998134	0.006309600081295	0.977890014648438
0.000316229998134	0.007943299598992	0.978280007839203
0.000398109987145	0.000009999999747	0.000000497610017
0.000398109987145	0.000012589000107	0.000001249799993
0.000398109987145	0.000015849000192	0.000003138799912
0.000398109987145	0.000019953000447	0.000007881900274
0.000398109987145	0.000025118999474	0.000019789000362
0.000398109987145	0.000031622999813	0.000049669000873
0.000398109987145	0.000039810998715	0.000124610000057
0.000398109987145	0.000050119000662	0.000312369986204
0.000398109987145	0.000063095998485	0.000781960028689
0.000398109987145	0.000079432997154	0.001952799968421
0.000398109987145	0.000099999997474	0.004855399951339
0.000398109987145	0.000125890001073	0.011970000341535
0.000398109987145	0.000158490001922	0.029015999287367
0.000398109987145	0.000199529997190	0.067997001111507
0.000398109987145	0.000251190009294	0.149169996380806
0.000398109987145	0.000316229998134	0.291449993848801
0.000398109987145	0.000398109987145	0.482270002365112
0.000398109987145	0.000501190021168	0.667330026626587
0.000398109987145	0.000630959984846	0.801410019397736
0.000398109987145	0.000794329971541	0.881640017032623
0.000398109987145	0.001000000047497	0.925610005855560
0.000398109987145	0.001258900039829	0.949270009994507
0.000398109987145	0.001584899961017	0.962209999561310
0.000398109987145	0.001995299942791	0.969510018825531
0.000398109987145	0.002511899918318	0.973739981651306
0.000398109987145	0.003162299981341	0.976270020008087
0.000398109987145	0.003981099929661	0.977800011634827
0.000398109987145	0.005011899862438	0.978739976882935
0.000398109987145	0.006309600081295	0.979319989681244
0.000398109987145	0.007943299598992	0.979690015316010
0.000501190021168	0.000009999999747	0.000000520150024
0.000501190021168	0.000012589000107	0.000001306400009
0.000501190021168	0.000015849000192	0.000003280900046
0.000501190021168	0.000019953000447	0.000008238799637
0.000501190021168	0.000025118999474	0.000020684999981
0.000501190021168	0.000031622999813	0.000051918999816
0.000501190021168	0.000039810998715	0.000130250002258
0.000501190021168	0.000050119000662	0.000326509994920
0.000501190021168	0.000063095998485	0.000817349995486
0.000501190021168	0.000079432997154	0.002041100058705
0.000501190021168	0.000099999997474	0.005074100103229
0.000501190021168	0.000125890001073	0.012505000457168
0.000501190021168	0.000158490001922	0.030291000381112
0.000501190021168	0.000199529997190	0.070858001708984
0.000501190021168	0.000251190009294	0.154880002140999
0.000501190021168	0.000316229998134	0.300680011510849
0.000501190021168	0.000398109987145	0.493339985609055
0.000501190021168	0.000501190021168	0.677089989185333
0.000501190021168	0.000630959984846	0.808369994163513
0.000501190021168	0.000794329971541	0.886189997196198
0.000501190021168	0.001000000047497	0.928600013256073
0.000501190021168	0.001258900039829	0.951359987258911
0.000501190021168	0.001584899961017	0.963789999485016
0.000501190021168	0.001995299942791	0.970790028572083
0.000501190021168	0.002511899918318	0.974849998950958
0.000501190021168	0.003162299981341	0.977270007133484
0.000501190021168	0.003981099929661	0.978739976882935
0.000501190021168	0.005011899862438	0.979640007019043
0.000501190021168	0.006309600081295	0.980199992656708
0.000501190021168	0.007943299598992	0.980549991130829
0.000630959984846	0.000009999999747	0.000000535159984
0.000630959984846	0.000012589000107	0.000001344100042
0.000630959984846	0.000015849000192	0.000003375600045
0.000630959984846	0.000019953000447	0.000008476699804
0.000630959984846	0.000025118999474	0.000021281999580
0.000630959984846	0.000031622999813	0.000053416999435
0.000630959984846	0.000039810998715	0.000134009998874
0.000630959984846	0.000050119000662	0.000335930002620
0.000630959984846	0.000063095998485	0.000840929977130
0.000630959984846	0.000079432997154	0.002099900040776
0.000630959984846	0.000099999997474	0.005219900049269
0.000630959984846	0.000125890001073	0.012861999683082
0.000630959984846	0.000158490001922	0.031137999147177
0.000630959984846	0.000199529997190	0.072755001485348
0.000630959984846	0.000251190009294	0.158639997243881
0.000630959984846	0.000316229998134	0.306699991226196
0.000630959984846	0.000398109987145	0.500450015068054
0.000630959984846	0.000501190021168	0.683279991149902
0.000630959984846	0.000630959984846	0.812740027904510
0.000630959984846	0.000794329971541	0.889029979705811
0.000630959984846	0.001000000047497	0.930469989776611
0.000630959984846	0.001258900039829	0.952660024166107
0.000630959984846	0.001584899961017	0.964770019054413
0.000630959984846	0.001995299942791	0.971580028533936
0.000630959984846	0.002511899918318	0.975539982318878
0.000630959984846	0.003162299981341	0.977890014648438
0.000630959984846	0.003981099929661	0.979319989681244
0.000630959984846	0.005011899862438	0.980199992656708
0.000630959984846	0.006309600081295	0.980750024318695
0.000630959984846	0.007943299598992	0.981090009212494
0.000794329971541	0.000009999999747	0.000000544980026
0.000794329971541	0.000012589000107	0.000001368799985
0.000794329971541	0.000015849000192	0.000003437500027
0.000794329971541	0.000019953000447	0.000008632099707
0.000794329971541	0.000025118999474	0.000021672000003
0.000794329971541	0.000031622999813	0.000054397001804
0.000794329971541	0.000039810998715	0.000136470000143
0.000794329971541	0.000050119000662	0.000342090002960
0.000794329971541	0.000063095998485	0.000856329977978
0.000794329971541	0.000079432997154	0.002138300100341
0.000794329971541	0.000099999997474	0.005315000191331
0.000794329971541	0.000125890001073	0.013093999586999
0.000794329971541	0.000158490001922	0.031690999865532
0.000794329971541	0.000199529997190	0.073990002274513
0.000794329971541	0.000251190009294	0.161080002784729
0.000794329971541	0.000316229998134	0.310570001602173
0.000794329971541	0.000398109987145	0.504999995231628
0.000794329971541	0.000501190021168	0.687200009822845
0.000794329971541	0.000630959984846	0.815479993820190
0.000794329971541	0.000794329971541	0.890799999237061
0.000794329971541	0.001000000047497	0.931630015373230
0.000794329971541	0.001258900039829	0.953469991683960
0.000794329971541	0.001584899961017	0.965380012989044
0.000794329971541	0.001995299942791	0.972079992294312
0.000794329971541	0.002511899918318	0.975969970226288
0.000794329971541	0.003162299981341	0.978280007839203
0.000794329971541	0.003981099929661	0.979690015316010
0.000794329971541	0.005011899862438	0.980549991130829
0.000794329971541	0.006309600081295	0.981090009212494
0.000794329971541	0.007943299598992	0.981419980525970
0.001000000047497	0.000009999999747	0.000000551309995
0.001000000047497	0.000012589000107	0.000001384699999
0.001000000047497	0.000015849000192	0.000003477400014
0.001000000047497	0.000019953000447	0.000008732299648
0.001000000047497	0.000025118999474	0.000021923999157
0.001000000047497	0.000031622999813	0.000055028998759
0.001000000047497	0.000039810998715	0.000138050003443
0.001000000047497	0.000050119000662	0.000346059998265
0.001000000047497	0.000063095998485	0.000866269983817
0.001000000047497	0.000079432997154	0.002163100056350
0.001000000047497	0.000099999997474	0.005376500077546
0.001000000047497	0.000125890001073	0.013244000263512
0.001000000047497	0.000158490001922	0.032046999782324
0.001000000047497	0.000199529997190	0.074785001575947
0.001000000047497	0.000251190009294	0.162650004029274
0.001000000047497	0.000316229998134	0.313050001859665
0.001000000047497	0.000398109987145	0.507879972457886
0.001000000047497	0.000501190021168	0.689679980278015
0.001000000047497	0.000630959984846	0.817219972610474
0.001000000047497	0.000794329971541	0.891919970512390
0.001000000047497	0.001000000047497	0.932370007038116
0.001000000047497	0.001258900039829	0.953980028629303
0.001000000047497	0.001584899961017	0.965759992599487
0.001000000047497	0.001995299942791	0.972389996051788
0.001000000047497	0.002511899918318	0.976239979267120
0.001000000047497	0.003162299981341	0.978529989719391
0.001000000047497	0.003981099929661	0.979920029640198
0.001000000047497	0.005011899862438	0.980769991874695
0.001000000047497	0.006309600081295	0.981299996376038
0.001000000047497	0.007943299598992	0.981630027294159
0.001258900039829	0.000009999999747	0.000000555359975
0.001258900039829	0.000012589000107	0.000001394800051
0.001258900039829	0.000015849000192	0.000003503000016
0.001258900039829	0.000019953000447	0.000008796499969
0.001258900039829	0.000025118999474	0.000022084999728
0.001258900039829	0.000031622999813	0.000055432999943
0.001258900039829	0.000039810998715	0.000139070005389
0.001258900039829	0.000050119000662	0.000348600005964
0.001258900039829	0.000063095998485	0.000872629985679
0.001258900039829	0.000079432997154	0.002179000061005
0.001258900039829	0.000099999997474	0.005415699910372
0.001258900039829	0.000125890001073	0.013340000063181
0.001258900039829	0.000158490001922	0.032274998724461
0.001258900039829	0.000199529997190	0.075292997062206
0.001258900039829	0.000251190009294	0.163650006055832
0.001258900039829	0.000316229998134	0.314630001783371
0.001258900039829	0.000398109987145	0.509710013866425
0.001258900039829	0.000501190021168	0.691240012645721
0.001258900039829	0.000630959984846	0.818310022354126
0.001258900039829	0.000794329971541	0.892629981040955
0.001258900039829	0.001000000047497	0.932829976081848
0.001258900039829	0.001258900039829	0.954299986362457
0.001258900039829	0.001584899961017	0.966009974479675
0.001258900039829	0.001995299942791	0.972590029239655
0.001258900039829	0.002511899918318	0.976409971714020
0.001258900039829	0.003162299981341	0.978680014610291
0.001258900039829	0.003981099929661	0.980059981346130
0.001258900039829	0.005011899862438	0.980910003185272
0.001258900039829	0.006309600081295	0.981429994106293
0.001258900039829	0.007943299598992	0.981760025024414
0.001584899961017	0.000009999999747	0.000000557939984
0.001584899961017	0.000012589000107	0.000001401299983
0.001584899961017	0.000015849000192	0.000003519299980
0.001584899961017	0.000019953000447	0.000008837299902
0.001584899961017	0.000025118999474	0.000022188000003
0.001584899961017	0.000031622999813	0.000055690001318
0.001584899961017	0.000039810998715	0.000139709998621
0.001584899961017	0.000050119000662	0.000350220012479
0.001584899961017	0.000063095998485	0.000876680016518
0.001584899961017	0.000079432997154	0.002189100021496
0.001584899961017	0.000099999997474	0.005440799985081
0.001584899961017	0.000125890001073	0.013402000069618
0.001584899961017	0.000158490001922	0.032419998198748
0.001584899961017	0.000199529997190	0.075616002082825
0.001584899961017	0.000251190009294	0.164279997348785
0.001584899961017	0.000316229998134	0.315629988908768
0.001584899961017	0.000398109987145	0.510869979858398
0.001584899961017	0.000501190021168	0.692229986190796
0.001584899961017	0.000630959984846	0.818989992141724
0.001584899961017	0.000794329971541	0.893069982528687
0.001584899961017	0.001000000047497	0.933120012283325
0.001584899961017	0.001258900039829	0.954500019550323
0.001584899961017	0.001584899961017	0.966159999370575
0.001584899961017	0.001995299942791	0.972710013389587
0.001584899961017	0.002511899918318	0.976509988307953
0.001584899961017	0.003162299981341	0.978779971599579
0.001584899961017	0.003981099929661	0.980149984359741
0.001584899961017	0.005011899862438	0.980989992618561
0.001584899961017	0.006309600081295	0.981519997119904
0.001584899961017	0.007943299598992	0.981840014457703
0.001995299942791	0.000009999999747	0.000000559570026
0.001995299942791	0.000012589000107	0.000001405399985
0.001995299942791	0.000015849000192	0.000003529600008
0.001995299942791	0.000019953000447	0.000008863299627
0.001995299942791	0.000025118999474	0.000022252999770
0.001995299942791	0.000031622999813	0.000055854001403
0.001995299942791	0.000039810998715	0.000140119998832
0.001995299942791	0.000050119000662	0.000351249997038
0.001995299942791	0.000063095998485	0.000879250001162
0.001995299942791	0.000079432997154	0.002195500070229
0.001995299942791	0.000099999997474	0.005456599872559
0.001995299942791	0.000125890001073	0.013439999893308
0.001995299942791	0.000158490001922	0.032512001693249
0.001995299942791	0.000199529997190	0.075820997357368
0.001995299942791	0.000251190009294	0.164680004119873
0.001995299942791	0.000316229998134	0.316260010004044
0.001995299942791	0.000398109987145	0.511600017547607
0.001995299942791	0.000501190021168	0.692849993705750
0.001995299942791	0.000630959984846	0.819429993629456
0.001995299942791	0.000794329971541	0.893350005149841
0.001995299942791	0.001000000047497	0.933300018310547
0.001995299942791	0.001258900039829	0.954630017280579
0.001995299942791	0.001584899961017	0.966250002384186
0.001995299942791	0.001995299942791	0.972790002822876
0.001995299942791	0.002511899918318	0.976580023765564
0.001995299942791	0.003162299981341	0.978839993476868
0.001995299942791	0.003981099929661	0.980210006237030
0.001995299942791	0.005011899862438	0.981050014495850
0.001995299942791	0.006309600081295	0.981570005416870
0.001995299942791	0.007943299598992	0.981899976730347
0.002511899918318	0.000009999999747	0.000000560609976
0.002511899918318	0.000012589000107	0.000001408000003
0.002511899918318	0.000015849000192	0.000003536099939
0.002511899918318	0.000019953000447	0.000008879699635
0.002511899918318	0.000025118999474	0.000022293999791
0.002511899918318	0.000031622999813	0.000055956999859
0.002511899918318	0.000039810998715	0.000140379997902
0.002511899918318	0.000050119000662	0.000351900001988
0.002511899918318	0.000063095998485	0.000880869978573
0.002511899918318	0.000079432997154	0.002199500100687
0.002511899918318	0.000099999997474	0.005466700065881
0.002511899918318	0.000125890001073	0.013465000316501
0.002511899918318	0.000158490001922	0.032570000737906
0.002511899918318	0.000199529997190	0.075951002538204
0.002511899918318	0.000251190009294	0.164939999580383
0.002511899918318	0.000316229998134	0.316659986972809
0.002511899918318	0.000398109987145	0.512059986591339
0.002511899918318	0.000501190021168	0.693250000476837
0.002511899918318	0.000630959984846	0.819700002670288
0.002511899918318	0.000794329971541	0.893530011177063
0.002511899918318	0.001000000047497	0.933409988880157
0.002511899918318	0.001258900039829	0.954710006713867
0.002511899918318	0.001584899961017	0.966310024261475
0.002511899918318	0.001995299942791	0.972840011119843
0.002511899918318	0.002511899918318	0.976620018482208
0.002511899918318	0.003162299981341	0.978879988193512
0.002511899918318	0.003981099929661	0.980239987373352
0.002511899918318	0.005011899862438	0.981079995632172
0.002511899918318	0.006309600081295	0.981599986553192
0.002511899918318	0.007943299598992	0.981930017471313
0.003162299981341	0.000009999999747	0.000000561259981
0.003162299981341	0.000012589000107	0.000001409699962
0.003162299981341	0.000015849000192	0.000003540299986
0.003162299981341	0.000019953000447	0.000008890099707
0.003162299981341	0.000025118999474	0.000022320000426
0.003162299981341	0.000031622999813	0.000056021999626
0.003162299981341	0.000039810998715	0.000140549993375
0.003162299981341	0.000050119000662	0.000352309987647
0.003162299981341	0.000063095998485	0.000881900021341
0.003162299981341	0.000079432997154	0.002202099887654
0.003162299981341	0.000099999997474	0.005472999997437
0.003162299981341	0.000125890001073	0.013480000197887
0.003162299981341	0.000158490001922	0.032607000321150
0.003162299981341	0.000199529997190	0.076033003628254
0.003162299981341	0.000251190009294	0.165099993348122
0.003162299981341	0.000316229998134	0.316920012235641
0.003162299981341	0.000398109987145	0.512359976768494
0.003162299981341	0.000501190021168	0.693499982357025
0.003162299981341	0.000630959984846	0.819869995117188
0.003162299981341	0.000794329971541	0.893639981746674
0.003162299981341	0.001000000047497	0.933489978313446
0.003162299981341	0.001258900039829	0.954760015010834
0.003162299981341	0.001584899961017	0.966350018978119
0.003162299981341	0.001995299942791	0.972869992256165
0.003162299981341	0.002511899918318	0.976649999618530
0.003162299981341	0.003162299981341	0.978900015354156
0.003162299981341	0.003981099929661	0.980270028114319
0.003162299981341	0.005011899862438	0.981100022792816
0.003162299981341	0.006309600081295	0.981620013713837
0.003162299981341	0.007943299598992	0.981949985027313
0.003981099929661	0.000009999999747	0.000000561679997
0.003981099929661	0.000012589000107	0.000001410699952
0.003981099929661	0.000015849000192	0.000003542900004
0.003981099929661	0.000019953000447	0.000008896599866
0.003981099929661	0.000025118999474	0.000022337000701
0.003981099929661	0.000031622999813	0.000056064000091
0.003981099929661	0.000039810998715	0.000140649994137
0.003981099929661	0.000050119000662	0.000352570001269
0.003981099929661	0.000063095998485	0.000882550026290
0.003981099929661	0.000079432997154	0.002203699899837
0.003981099929661	0.000099999997474	0.005477100145072
0.003981099929661	0.000125890001073	0.013489999808371
0.003981099929661	0.000158490001922	0.032630000263453
0.003981099929661	0.000199529997190	0.076085001230240
0.003981099929661	0.000251190009294	0.165199995040894
0.003981099929661	0.000316229998134	0.317079991102219
0.003981099929661	0.000398109987145	0.512539982795715
0.003981099929661	0.000501190021168	0.693650007247925
0.003981099929661	0.000630959984846	0.819980025291443
0.003981099929661	0.000794329971541	0.893710017204285
0.003981099929661	0.001000000047497	0.933529973030090
0.003981099929661	0.001258900039829	0.954789996147156
0.003981099929661	0.001584899961017	0.966380000114441
0.003981099929661	0.001995299942791	0.972890019416809
0.003981099929661	0.002511899918318	0.976670026779175
0.003981099929661	0.003162299981341	0.978919982910156
0.003981099929661	0.003981099929661	0.980279982089996
0.003981099929661	0.005011899862438	0.981119990348816
0.003981099929661	0.006309600081295	0.981639981269836
0.003981099929661	0.007943299598992	0.981959998607635
0.005011899862438	0.000009999999747	0.000000561939999
0.005011899862438	0.000012589000107	0.000001411400035
0.005011899862438	0.000015849000192	0.000003544500032
0.005011899862438	0.000019953000447	0.000008900799912
0.005011899862438	0.000025118999474	0.000022346999685
0.005011899862438	0.000031622999813	0.000056090000726
0.005011899862438	0.000039810998715	0.000140710006235
0.005011899862438	0.000050119000662	0.000352730014129
0.005011899862438	0.000063095998485	0.000882959982846
0.005011899862438	0.000079432997154	0.002204699907452
0.005011899862438	0.000099999997474	0.005479599814862
0.005011899862438	0.000125890001073	0.013496000319719
0.005011899862438	0.000158490001922	0.032644998282194
0.005011899862438	0.000199529997190	0.076117999851704
0.005011899862438	0.000251190009294	0.165260002017021
0.005011899862438	0.000316229998134	0.317180007696152
0.005011899862438	0.000398109987145	0.512660026550293
0.005011899862438	0.000501190021168	0.693750023841858
0.005011899862438	0.000630959984846	0.820050001144409
0.005011899862438	0.000794329971541	0.893750011920929
0.005011899862438	0.001000000047497	0.933560013771057
0.005011899862438	0.001258900039829	0.954810023307800
0.005011899862438	0.001584899961017	0.966390013694763
0.005011899862438	0.001995299942791	0.972899973392487
0.005011899862438	0.002511899918318	0.976679980754852
0.005011899862438	0.003162299981341	0.978929996490479
0.005011899862438	0.003981099929661	0.980289995670319
0.005011899862438	0.005011899862438	0.981130003929138
0.005011899862438	0.006309600081295	0.981649994850159
0.005011899862438	0.007943299598992	0.981970012187958
0.006309600081295	0.000009999999747	0.000000562100013
0.006309600081295	0.000012589000107	0.000001411799985
0.006309600081295	0.000015849000192	0.000003545600066
0.006309600081295	0.000019953000447	0.000008903400158
0.006309600081295	0.000025118999474	0.000022353999157
0.006309600081295	0.000031622999813	0.000056106000557
0.006309600081295	0.000039810998715	0.000140760006616
0.006309600081295	0.000050119000662	0.000352839997504
0.006309600081295	0.000063095998485	0.000883219996467
0.006309600081295	0.000079432997154	0.002205400029197
0.006309600081295	0.000099999997474	0.005481199827045
0.006309600081295	0.000125890001073	0.013500000350177
0.006309600081295	0.000158490001922	0.032653998583555
0.006309600081295	0.000199529997190	0.076137997210026
0.006309600081295	0.000251190009294	0.165309995412827
0.006309600081295	0.000316229998134	0.317239999771118
0.006309600081295	0.000398109987145	0.512730002403259
0.006309600081295	0.000501190021168	0.693809986114502
0.006309600081295	0.000630959984846	0.820100009441376
0.006309600081295	0.000794329971541	0.893779993057251
0.006309600081295	0.001000000047497	0.933579981327057
0.006309600081295	0.001258900039829	0.954819977283478
0.006309600081295	0.001584899961017	0.966400027275085
0.006309600081295	0.001995299942791	0.972909986972809
0.006309600081295	0.002511899918318	0.976689994335175
0.006309600081295	0.003162299981341	0.978929996490479
0.006309600081295	0.003981099929661	0.980289995670319
0.006309600081295	0.005011899862438	0.981130003929138
0.006309600081295	0.006309600081295	0.981649994850159
0.006309600081295	0.007943299598992	0.981980025768280
0.007943299598992	0.000009999999747	0.000000562210005
0.007943299598992	0.000012589000107	0.000001411999961
0.007943299598992	0.000015849000192	0.000003546200105
0.007943299598992	0.000019953000447	0.000008904999959
0.007943299598992	0.000025118999474	0.000022357999114
0.007943299598992	0.000031622999813	0.000056117001805
0.007943299598992	0.000039810998715	0.000140780000947
0.007943299598992	0.000050119000662	0.000352900009602
0.007943299598992	0.000063095998485	0.000883380009327
0.007943299598992	0.000079432997154	0.002205800032243
0.007943299598992	0.000099999997474	0.005482200067490
0.007943299598992	0.000125890001073	0.013503000140190
0.007943299598992	0.000158490001922	0.032660000026226
0.007943299598992	0.000199529997190	0.076150998473167
0.007943299598992	0.000251190009294	0.165329992771149
0.007943299598992	0.000316229998134	0.317279994487762
0.007943299598992	0.000398109987145	0.512780010700226
0.007943299598992	0.000501190021168	0.693849980831146
0.007943299598992	0.000630959984846	0.820119976997375
0.007943299598992	0.000794329971541	0.893800020217896
0.007943299598992	0.001000000047497	0.933589994907379
0.007943299598992	0.001258900039829	0.954829990863800
0.007943299598992	0.001584899961017	0.966409981250763
0.007943299598992	0.001995299942791	0.972909986972809
0.007943299598992	0.002511899918318	0.976689994335175
0.007943299598992	0.003162299981341	0.978940010070801
0.007943299598992	0.003981099929661	0.980300009250641
0.007943299598992	0.005011899862438	0.981140017509460
0.007943299598992	0.006309600081295	0.981649994850159
0.007943299598992	0.007943299598992	0.981980025768280
0.007945888599352	0.000009999999747	0.000000562269975
0.007945888599352	0.000012589000107	0.000001412200049
0.007945888599352	0.000015849000192	0.000003546600055
0.007945888599352	0.000019953000447	0.000008906100447
0.007945888599352	0.000025118999474	0.000022360000003
0.007945888599352	0.000031622999813	0.000056123000832
0.007945888599352	0.000039810998715	0.000140799995279
0.007945888599352	0.000050119000662	0.000352939998265
0.007945888599352	0.000063095998485	0.000883490021806
0.007945888599352	0.000079432997154	0.002206000033766
0.007945888599352	0.000099999997474	0.005482799839228
0.007945888599352	0.000125890001073	0.013504000380635
0.007945888599352	0.000158490001922	0.032664000988007
0.007945888599352	0.000199529997190	0.076159998774529
0.007945888599352	0.000251190009294	0.165350005030632
0.007945888599352	0.000316229998134	0.317310005426407
0.007945888599352	0.000398109987145	0.512809991836548
0.007945888599352	0.000501190021168	0.693880021572113
0.007945888599352	0.000630959984846	0.820140004158020
0.007945888599352	0.000794329971541	0.893809974193573
0.007945888599352	0.001000000047497	0.933600008487701
0.007945888599352	0.001258900039829	0.954840004444122
0.007945888599352	0.001584899961017	0.966409981250763
0.007945888599352	0.001995299942791	0.972920000553131
0.007945888599352	0.002511899918318	0.976689994335175
0.007945888599352	0.003162299981341	0.978940010070801
0.007945888599352	0.003981099929661	0.980300009250641
0.007945888599352	0.005011899862438	0.981140017509460
0.007945888599352	0.006309600081295	0.981660008430481
0.007945888599352	0.007943299598992	0.981980025768280
