0.000000	0.000000	-0.000000
0.000000	0.034480	0.039019
0.000000	0.068966	0.078032
0.000000	0.103451	0.117040
0.000000	0.137932	0.156043
0.000000	0.172415	0.195033
0.000000	0.206898	0.234004
0.000000	0.241380	0.272948
0.000000	0.275863	0.311846
0.000000	0.310345	0.350671
0.000000	0.344827	0.389382
0.000000	0.379307	0.427914
0.000000	0.413794	0.466167
0.000000	0.448279	0.503982
0.000000	0.482759	0.541126
0.000000	0.517242	0.577256
0.000000	0.551725	0.611884
0.000000	0.586208	0.644380
0.000000	0.620690	0.673984
0.000000	0.655173	0.699937
0.000000	0.689655	0.721649
0.000000	0.724135	0.738905
0.000000	0.758621	0.751926
0.000000	0.793106	0.761305
0.000000	0.827587	0.767803
0.000000	0.862070	0.772174
0.000000	0.896553	0.775052
0.000000	0.931035	0.776919
0.000000	0.965518	0.778119
0.000000	1.000000	0.778884

0.034478	0.000000	0.038532
0.034478	0.034480	0.077550
0.034478	0.068966	0.116564
0.034478	0.103451	0.155573
0.034478	0.137932	0.194575
0.034478	0.172415	0.233566
0.034478	0.206898	0.272537
0.034478	0.241380	0.311481
0.034478	0.275863	0.350377
0.034478	0.310345	0.389203
0.034478	0.344827	0.427914
0.034478	0.379307	0.466448
0.034478	0.413794	0.504699
0.034478	0.448279	0.542514
0.034478	0.482759	0.579658
0.034478	0.517242	0.615784
0.034478	0.551725	0.650411
0.034478	0.586208	0.682898
0.034478	0.620690	0.712487
0.034478	0.655173	0.738417
0.034478	0.689655	0.760096
0.034478	0.724135	0.777308
0.034478	0.758621	0.790283
0.034478	0.793106	0.799618
0.034478	0.827587	0.806079
0.034478	0.862070	0.810422
0.034478	0.896553	0.813280
0.034478	0.931035	0.815133
0.034478	0.965518	0.816326
0.034478	1.000000	0.817083

0.068963	0.000000	0.076785
0.068963	0.034480	0.115802
0.068963	0.068966	0.154816
0.068963	0.103451	0.193825
0.068963	0.137932	0.232825
0.068963	0.172415	0.271817
0.068963	0.206898	0.310789
0.068963	0.241380	0.349733
0.068963	0.275863	0.388630
0.068963	0.310345	0.427454
0.068963	0.344827	0.466167
0.068963	0.379307	0.504699
0.068963	0.413794	0.542951
0.068963	0.448279	0.580765
0.068963	0.482759	0.617906
0.068963	0.517242	0.654030
0.068963	0.551725	0.688648
0.068963	0.586208	0.721116
0.068963	0.620690	0.750671
0.068963	0.655173	0.776542
0.068963	0.689655	0.798137
0.068963	0.724135	0.815241
0.068963	0.758621	0.828106
0.068963	0.793106	0.837333
0.068963	0.827587	0.843708
0.068963	0.862070	0.847984
0.068963	0.896553	0.850794
0.068963	0.931035	0.852616
0.068963	0.965518	0.853785
0.068963	1.000000	0.854530

0.103446	0.000000	0.114601
0.103446	0.034480	0.153617
0.103446	0.068966	0.192631
0.103446	0.103451	0.231641
0.103446	0.137932	0.270642
0.103446	0.172415	0.309633
0.103446	0.206898	0.348605
0.103446	0.241380	0.387548
0.103446	0.275863	0.426447
0.103446	0.310345	0.465271
0.103446	0.344827	0.503982
0.103446	0.379307	0.542514
0.103446	0.413794	0.580765
0.103446	0.448279	0.618577
0.103446	0.482759	0.655715
0.103446	0.517242	0.691829
0.103446	0.551725	0.726423
0.103446	0.586208	0.758849
0.103446	0.620690	0.788321
0.103446	0.655173	0.814052
0.103446	0.689655	0.835444
0.103446	0.724135	0.852300
0.103446	0.758621	0.864896
0.103446	0.793106	0.873879
0.103446	0.827587	0.880051
0.103446	0.862070	0.884174
0.103446	0.896553	0.886875
0.103446	0.931035	0.888621
0.103446	0.965518	0.889740
0.103446	1.000000	0.890454

0.137925	0.000000	0.151745
0.137925	0.034480	0.190762
0.137925	0.068966	0.229777
0.137925	0.103451	0.268785
0.137925	0.137932	0.307788
0.137925	0.172415	0.346779
0.137925	0.206898	0.385750
0.137925	0.241380	0.424692
0.137925	0.275863	0.463591
0.137925	0.310345	0.502416
0.137925	0.344827	0.541126
0.137925	0.379307	0.579658
0.137925	0.413794	0.617906
0.137925	0.448279	0.655715
0.137925	0.482759	0.692844
0.137925	0.517242	0.728935
0.137925	0.551725	0.763479
0.137925	0.586208	0.795797
0.137925	0.620690	0.825074
0.137925	0.655173	0.850479
0.137925	0.689655	0.871406
0.137925	0.724135	0.887694
0.137925	0.758621	0.899701
0.137925	0.793106	0.908150
0.137925	0.827587	0.913886
0.137925	0.862070	0.917686
0.137925	0.896553	0.920160
0.137925	0.931035	0.921751
0.137925	0.965518	0.922767
0.137925	1.000000	0.923414

0.172406	0.000000	0.187876
0.172406	0.034480	0.226891
0.172406	0.068966	0.265906
0.172406	0.103451	0.304916
0.172406	0.137932	0.343918
0.172406	0.172415	0.382908
0.172406	0.206898	0.421879
0.172406	0.241380	0.460824
0.172406	0.275863	0.499721
0.172406	0.310345	0.538545
0.172406	0.344827	0.577256
0.172406	0.379307	0.615784
0.172406	0.413794	0.654030
0.172406	0.448279	0.691829
0.172406	0.482759	0.728935
0.172406	0.517242	0.764970
0.172406	0.551725	0.799398
0.172406	0.586208	0.831478
0.172406	0.620690	0.860310
0.172406	0.655173	0.884997
0.172406	0.689655	0.904927
0.172406	0.724135	0.920046
0.172406	0.758621	0.930882
0.172406	0.793106	0.938312
0.172406	0.827587	0.943251
0.172406	0.862070	0.946468
0.172406	0.896553	0.948536
0.172406	0.931035	0.949857
0.172406	0.965518	0.950697
0.172406	1.000000	0.951228

0.206887	0.000000	0.222509
0.206887	0.034480	0.261524
0.206887	0.068966	0.300538
0.206887	0.103451	0.339547
0.206887	0.137932	0.378549
0.206887	0.172415	0.417541
0.206887	0.206898	0.456512
0.206887	0.241380	0.495455
0.206887	0.275863	0.534352
0.206887	0.310345	0.573176
0.206887	0.344827	0.611884
0.206887	0.379307	0.650411
0.206887	0.413794	0.688648
0.206887	0.448279	0.726423
0.206887	0.482759	0.763479
0.206887	0.517242	0.799398
0.206887	0.551725	0.833570
0.206887	0.586208	0.865136
0.206887	0.620690	0.893040
0.206887	0.655173	0.916281
0.206887	0.689655	0.934318
0.206887	0.724135	0.947372
0.206887	0.758621	0.956298
0.206887	0.793106	0.962170
0.206887	0.827587	0.965949
0.206887	0.862070	0.968353
0.206887	0.896553	0.969874
0.206887	0.931035	0.970836
0.206887	0.965518	0.971442
0.206887	1.000000	0.971825

0.241368	0.000000	0.255007
0.241368	0.034480	0.294024
0.241368	0.068966	0.333036
0.241368	0.103451	0.372047
0.241368	0.137932	0.411048
0.241368	0.172415	0.450039
0.241368	0.206898	0.489011
0.241368	0.241380	0.527954
0.241368	0.275863	0.566850
0.241368	0.310345	0.605674
0.241368	0.344827	0.644380
0.241368	0.379307	0.682898
0.241368	0.413794	0.721116
0.241368	0.448279	0.758849
0.241368	0.482759	0.795797
0.241368	0.517242	0.831478
0.241368	0.551725	0.865136
0.241368	0.586208	0.895690
0.241368	0.620690	0.921860
0.241368	0.655173	0.942599
0.241368	0.689655	0.957691
0.241368	0.724135	0.967883
0.241368	0.758621	0.974428
0.241368	0.793106	0.978527
0.241368	0.827587	0.981071
0.241368	0.862070	0.982650
0.241368	0.896553	0.983634
0.241368	0.931035	0.984249
0.241368	0.965518	0.984635
0.241368	1.000000	0.984877

0.275849	0.000000	0.284621
0.275849	0.034480	0.323639
0.275849	0.068966	0.362651
0.275849	0.103451	0.401660
0.275849	0.137932	0.440663
0.275849	0.172415	0.479653
0.275849	0.206898	0.518625
0.275849	0.241380	0.557567
0.275849	0.275863	0.596463
0.275849	0.310345	0.635284
0.275849	0.344827	0.673984
0.275849	0.379307	0.712487
0.275849	0.413794	0.750671
0.275849	0.448279	0.788321
0.275849	0.482759	0.825074
0.275849	0.517242	0.860310
0.275849	0.551725	0.893040
0.275849	0.586208	0.921860
0.275849	0.620690	0.945291
0.275849	0.655173	0.962547
0.275849	0.689655	0.974092
0.275849	0.724135	0.981304
0.275849	0.758621	0.985658
0.275849	0.793106	0.988269
0.275849	0.827587	0.989842
0.275849	0.862070	0.990801
0.275849	0.896553	0.991391
0.275849	0.931035	0.991757
0.275849	0.965518	0.991986
0.275849	1.000000	0.992128

0.310330	0.000000	0.310589
0.310330	0.034480	0.349607
0.310330	0.068966	0.388620
0.310330	0.103451	0.427629
0.310330	0.137932	0.466630
0.310330	0.172415	0.505621
0.310330	0.206898	0.544592
0.310330	0.241380	0.583535
0.310330	0.275863	0.622428
0.310330	0.310345	0.661246
0.310330	0.344827	0.699937
0.310330	0.379307	0.738417
0.310330	0.413794	0.776542
0.310330	0.448279	0.814052
0.310330	0.482759	0.850479
0.310330	0.517242	0.884997
0.310330	0.551725	0.916281
0.310330	0.586208	0.942599
0.310330	0.620690	0.962547
0.310330	0.655173	0.976016
0.310330	0.689655	0.984300
0.310330	0.724135	0.989137
0.310330	0.758621	0.991924
0.310330	0.793106	0.993545
0.310330	0.827587	0.994503
0.310330	0.862070	0.995081
0.310330	0.896553	0.995433
0.310330	0.931035	0.995651
0.310330	0.965518	0.995787
0.310330	1.000000	0.995871

0.344811	0.000000	0.332328
0.344811	0.034480	0.371343
0.344811	0.068966	0.410357
0.344811	0.103451	0.449367
0.344811	0.137932	0.488368
0.344811	0.172415	0.527358
0.344811	0.206898	0.566329
0.344811	0.241380	0.605271
0.344811	0.275863	0.644162
0.344811	0.310345	0.682974
0.344811	0.344827	0.721649
0.344811	0.379307	0.760096
0.344811	0.413794	0.798137
0.344811	0.448279	0.835444
0.344811	0.482759	0.871406
0.344811	0.517242	0.904927
0.344811	0.551725	0.934318
0.344811	0.586208	0.957691
0.344811	0.620690	0.974092
0.344811	0.655173	0.984300
0.344811	0.689655	0.990165
0.344811	0.724135	0.993430
0.344811	0.758621	0.995256
0.344811	0.793106	0.996299
0.344811	0.827587	0.996909
0.344811	0.862070	0.997273
0.344811	0.896553	0.997495
0.344811	0.931035	0.997632
0.344811	0.965518	0.997717
0.344811	1.000000	0.997770

0.379289	0.000000	0.349611
0.379289	0.034480	0.388628
0.379289	0.068966	0.427642
0.379289	0.103451	0.466651
0.379289	0.137932	0.505652
0.379289	0.172415	0.544643
0.379289	0.206898	0.583613
0.379289	0.241380	0.622553
0.379289	0.275863	0.661443
0.379289	0.310345	0.700246
0.379289	0.344827	0.738905
0.379289	0.379307	0.777308
0.379289	0.413794	0.815241
0.379289	0.448279	0.852300
0.379289	0.482759	0.887694
0.379289	0.517242	0.920046
0.379289	0.551725	0.947372
0.379289	0.586208	0.967883
0.379289	0.620690	0.981304
0.379289	0.655173	0.989137
0.379289	0.689655	0.993430
0.379289	0.724135	0.995750
0.379289	0.758621	0.997024
0.379289	0.793106	0.997745
0.379289	0.827587	0.998163
0.379289	0.862070	0.998413
0.379289	0.896553	0.998565
0.379289	0.931035	0.998658
0.379289	0.965518	0.998716
0.379289	1.000000	0.998752

0.413773	0.000000	0.362664
0.413773	0.034480	0.401681
0.413773	0.068966	0.440695
0.413773	0.103451	0.479704
0.413773	0.137932	0.518707
0.413773	0.172415	0.557694
0.413773	0.206898	0.596665
0.413773	0.241380	0.635605
0.413773	0.275863	0.674491
0.413773	0.310345	0.713286
0.413773	0.344827	0.751926
0.413773	0.379307	0.790283
0.413773	0.413794	0.828106
0.413773	0.448279	0.864896
0.413773	0.482759	0.899701
0.413773	0.517242	0.930882
0.413773	0.551725	0.956298
0.413773	0.586208	0.974428
0.413773	0.620690	0.985658
0.413773	0.655173	0.991924
0.413773	0.689655	0.995256
0.413773	0.724135	0.997024
0.413773	0.758621	0.997986
0.413773	0.793106	0.998526
0.413773	0.827587	0.998839
0.413773	0.862070	0.999025
0.413773	0.896553	0.999138
0.413773	0.931035	0.999208
0.413773	0.965518	0.999251
0.413773	1.000000	0.999278

0.448257	0.000000	0.372071
0.448257	0.034480	0.411088
0.448257	0.068966	0.450102
0.448257	0.103451	0.489111
0.448257	0.137932	0.528112
0.448257	0.172415	0.567103
0.448257	0.206898	0.606072
0.448257	0.241380	0.645010
0.448257	0.275863	0.683893
0.448257	0.310345	0.722683
0.448257	0.344827	0.761305
0.448257	0.379307	0.799618
0.448257	0.413794	0.837333
0.448257	0.448279	0.873879
0.448257	0.482759	0.908150
0.448257	0.517242	0.938312
0.448257	0.551725	0.962170
0.448257	0.586208	0.978527
0.448257	0.620690	0.988269
0.448257	0.655173	0.993545
0.448257	0.689655	0.996299
0.448257	0.724135	0.997745
0.448257	0.758621	0.998526
0.448257	0.793106	0.998964
0.448257	0.827587	0.999217
0.448257	0.862070	0.999367
0.448257	0.896553	0.999459
0.448257	0.931035	0.999514
0.448257	0.965518	0.999549
0.448257	1.000000	0.999571

0.482736	0.000000	0.378595
0.482736	0.034480	0.417609
0.482736	0.068966	0.456624
0.482736	0.103451	0.495634
0.482736	0.137932	0.534635
0.482736	0.172415	0.573625
0.482736	0.206898	0.612593
0.482736	0.241380	0.651530
0.482736	0.275863	0.690412
0.482736	0.310345	0.729196
0.482736	0.344827	0.767803
0.482736	0.379307	0.806079
0.482736	0.413794	0.843708
0.482736	0.448279	0.880051
0.482736	0.482759	0.913886
0.482736	0.517242	0.943251
0.482736	0.551725	0.965949
0.482736	0.586208	0.981071
0.482736	0.620690	0.989842
0.482736	0.655173	0.994503
0.482736	0.689655	0.996909
0.482736	0.724135	0.998163
0.482736	0.758621	0.998839
0.482736	0.793106	0.999217
0.482736	0.827587	0.999435
0.482736	0.862070	0.999565
0.482736	0.896553	0.999643
0.482736	0.931035	0.999691
0.482736	0.965518	0.999721
0.482736	1.000000	0.999740

0.517217	0.000000	0.382984
0.517217	0.034480	0.421999
0.517217	0.068966	0.461015
0.517217	0.103451	0.500024
0.517217	0.137932	0.539024
0.517217	0.172415	0.578015
0.517217	0.206898	0.616984
0.517217	0.241380	0.655919
0.517217	0.275863	0.694798
0.517217	0.310345	0.733577
0.517217	0.344827	0.772174
0.517217	0.379307	0.810422
0.517217	0.413794	0.847984
0.517217	0.448279	0.884174
0.517217	0.482759	0.917686
0.517217	0.517242	0.946468
0.517217	0.551725	0.968353
0.517217	0.586208	0.982650
0.517217	0.620690	0.990801
0.517217	0.655173	0.995081
0.517217	0.689655	0.997273
0.517217	0.724135	0.998413
0.517217	0.758621	0.999025
0.517217	0.793106	0.999367
0.517217	0.827587	0.999565
0.517217	0.862070	0.999682
0.517217	0.896553	0.999753
0.517217	0.931035	0.999796
0.517217	0.965518	0.999823
0.517217	1.000000	0.999840

0.551698	0.000000	0.385876
0.551698	0.034480	0.424893
0.551698	0.068966	0.463907
0.551698	0.103451	0.502915
0.551698	0.137932	0.541917
0.551698	0.172415	0.580906
0.551698	0.206898	0.619875
0.551698	0.241380	0.658811
0.551698	0.275863	0.697688
0.551698	0.310345	0.736463
0.551698	0.344827	0.775052
0.551698	0.379307	0.813280
0.551698	0.413794	0.850794
0.551698	0.448279	0.886875
0.551698	0.482759	0.920160
0.551698	0.517242	0.948536
0.551698	0.551725	0.969874
0.551698	0.586208	0.983634
0.551698	0.620690	0.991391
0.551698	0.655173	0.995433
0.551698	0.689655	0.997495
0.551698	0.724135	0.998565
0.551698	0.758621	0.999138
0.551698	0.793106	0.999459
0.551698	0.827587	0.999643
0.551698	0.862070	0.999753
0.551698	0.896553	0.999819
0.551698	0.931035	0.999860
0.551698	0.965518	0.999885
0.551698	1.000000	0.999901

0.586179	0.000000	0.387753
0.586179	0.034480	0.426769
0.586179	0.068966	0.465783
0.586179	0.103451	0.504792
0.586179	0.137932	0.543793
0.586179	0.172415	0.582783
0.586179	0.206898	0.621751
0.586179	0.241380	0.660686
0.586179	0.275863	0.699563
0.586179	0.310345	0.738336
0.586179	0.344827	0.776919
0.586179	0.379307	0.815133
0.586179	0.413794	0.852616
0.586179	0.448279	0.888621
0.586179	0.482759	0.921751
0.586179	0.517242	0.949857
0.586179	0.551725	0.970836
0.586179	0.586208	0.984249
0.586179	0.620690	0.991757
0.586179	0.655173	0.995651
0.586179	0.689655	0.997632
0.586179	0.724135	0.998658
0.586179	0.758621	0.999208
0.586179	0.793106	0.999514
0.586179	0.827587	0.999691
0.586179	0.862070	0.999796
0.586179	0.896553	0.999860
0.586179	0.931035	0.999899
0.586179	0.965518	0.999923
0.586179	1.000000	0.999938

0.620660	0.000000	0.388958
0.620660	0.034480	0.427974
0.620660	0.068966	0.466988
0.620660	0.103451	0.505998
0.620660	0.137932	0.544999
0.620660	0.172415	0.583988
0.620660	0.206898	0.622957
0.620660	0.241380	0.661891
0.620660	0.275863	0.700768
0.620660	0.310345	0.739540
0.620660	0.344827	0.778119
0.620660	0.379307	0.816326
0.620660	0.413794	0.853785
0.620660	0.448279	0.889740
0.620660	0.482759	0.922767
0.620660	0.517242	0.950697
0.620660	0.551725	0.971442
0.620660	0.586208	0.984635
0.620660	0.620690	0.991986
0.620660	0.655173	0.995787
0.620660	0.689655	0.997717
0.620660	0.724135	0.998716
0.620660	0.758621	0.999251
0.620660	0.793106	0.999549
0.620660	0.827587	0.999721
0.620660	0.862070	0.999823
0.620660	0.896553	0.999885
0.620660	0.931035	0.999923
0.620660	0.965518	0.999947
0.620660	1.000000	0.999962

0.655141	0.000000	0.389728
0.655141	0.034480	0.428746
0.655141	0.068966	0.467758
0.655141	0.103451	0.506767
0.655141	0.137932	0.545768
0.655141	0.172415	0.584758
0.655141	0.206898	0.623727
0.655141	0.241380	0.662661
0.655141	0.275863	0.701537
0.655141	0.310345	0.740307
0.655141	0.344827	0.778884
0.655141	0.379307	0.817083
0.655141	0.413794	0.854530
0.655141	0.448279	0.890454
0.655141	0.482759	0.923414
0.655141	0.517242	0.951228
0.655141	0.551725	0.971825
0.655141	0.586208	0.984877
0.655141	0.620690	0.992128
0.655141	0.655173	0.995871
0.655141	0.689655	0.997770
0.655141	0.724135	0.998752
0.655141	0.758621	0.999278
0.655141	0.793106	0.999571
0.655141	0.827587	0.999740
0.655141	0.862070	0.999840
0.655141	0.896553	0.999901
0.655141	0.931035	0.999938
0.655141	0.965518	0.999962
0.655141	1.000000	0.999976

0.689621	0.000000	0.390217
0.689621	0.034480	0.429235
0.689621	0.068966	0.468247
0.689621	0.103451	0.507256
0.689621	0.137932	0.546258
0.689621	0.172415	0.585247
0.689621	0.206898	0.624215
0.689621	0.241380	0.663150
0.689621	0.275863	0.702026
0.689621	0.310345	0.740796
0.689621	0.344827	0.779371
0.689621	0.379307	0.817566
0.689621	0.413794	0.855004
0.689621	0.448279	0.890906
0.689621	0.482759	0.923825
0.689621	0.517242	0.951565
0.689621	0.551725	0.972066
0.689621	0.586208	0.985030
0.689621	0.620690	0.992219
0.689621	0.655173	0.995924
0.689621	0.689655	0.997804
0.689621	0.724135	0.998774
0.689621	0.758621	0.999294
0.689621	0.793106	0.999584
0.689621	0.827587	0.999752
0.689621	0.862070	0.999851
0.689621	0.896553	0.999911
0.689621	0.931035	0.999948
0.689621	0.965518	0.999971
0.689621	1.000000	0.999985

0.724099	0.000000	0.390528
0.724099	0.034480	0.429543
0.724099	0.068966	0.468558
0.724099	0.103451	0.507567
0.724099	0.137932	0.546568
0.724099	0.172415	0.585557
0.724099	0.206898	0.624527
0.724099	0.241380	0.663460
0.724099	0.275863	0.702336
0.724099	0.310345	0.741106
0.724099	0.344827	0.779679
0.724099	0.379307	0.817872
0.724099	0.413794	0.855304
0.724099	0.448279	0.891193
0.724099	0.482759	0.924085
0.724099	0.517242	0.951779
0.724099	0.551725	0.972219
0.724099	0.586208	0.985126
0.724099	0.620690	0.992275
0.724099	0.655173	0.995958
0.724099	0.689655	0.997825
0.724099	0.724135	0.998789
0.724099	0.758621	0.999305
0.724099	0.793106	0.999593
0.724099	0.827587	0.999759
0.724099	0.862070	0.999857
0.724099	0.896553	0.999917
0.724099	0.931035	0.999954
0.724099	0.965518	0.999976
0.724099	1.000000	0.999991

0.758584	0.000000	0.390724
0.758584	0.034480	0.429740
0.758584	0.068966	0.468754
0.758584	0.103451	0.507763
0.758584	0.137932	0.546765
0.758584	0.172415	0.585753
0.758584	0.206898	0.624721
0.758584	0.241380	0.663656
0.758584	0.275863	0.702532
0.758584	0.310345	0.741302
0.758584	0.344827	0.779875
0.758584	0.379307	0.818068
0.758584	0.413794	0.855494
0.758584	0.448279	0.891375
0.758584	0.482759	0.924247
0.758584	0.517242	0.951913
0.758584	0.551725	0.972315
0.758584	0.586208	0.985186
0.758584	0.620690	0.992310
0.758584	0.655173	0.995979
0.758584	0.689655	0.997838
0.758584	0.724135	0.998797
0.758584	0.758621	0.999312
0.758584	0.793106	0.999598
0.758584	0.827587	0.999763
0.758584	0.862070	0.999862
0.758584	0.896553	0.999921
0.758584	0.931035	0.999957
0.758584	0.965518	0.999980
0.758584	1.000000	0.999994

0.793067	0.000000	0.390848
0.793067	0.034480	0.429864
0.793067	0.068966	0.468878
0.793067	0.103451	0.507887
0.793067	0.137932	0.546889
0.793067	0.172415	0.585878
0.793067	0.206898	0.624845
0.793067	0.241380	0.663781
0.793067	0.275863	0.702656
0.793067	0.310345	0.741426
0.793067	0.344827	0.779998
0.793067	0.379307	0.818188
0.793067	0.413794	0.855614
0.793067	0.448279	0.891489
0.793067	0.482759	0.924350
0.793067	0.517242	0.951998
0.793067	0.551725	0.972375
0.793067	0.586208	0.985224
0.793067	0.620690	0.992333
0.793067	0.655173	0.995992
0.793067	0.689655	0.997846
0.793067	0.724135	0.998803
0.793067	0.758621	0.999316
0.793067	0.793106	0.999602
0.793067	0.827587	0.999766
0.793067	0.862070	0.999864
0.793067	0.896553	0.999924
0.793067	0.931035	0.999960
0.793067	0.965518	0.999982
0.793067	1.000000	0.999997

0.827546	0.000000	0.390926
0.827546	0.034480	0.429942
0.827546	0.068966	0.468956
0.827546	0.103451	0.507966
0.827546	0.137932	0.546967
0.827546	0.172415	0.585956
0.827546	0.206898	0.624924
0.827546	0.241380	0.663859
0.827546	0.275863	0.702734
0.827546	0.310345	0.741503
0.827546	0.344827	0.780076
0.827546	0.379307	0.818267
0.827546	0.413794	0.855690
0.827546	0.448279	0.891562
0.827546	0.482759	0.924417
0.827546	0.517242	0.952051
0.827546	0.551725	0.972413
0.827546	0.586208	0.985249
0.827546	0.620690	0.992347
0.827546	0.655173	0.996001
0.827546	0.689655	0.997851
0.827546	0.724135	0.998807
0.827546	0.758621	0.999318
0.827546	0.793106	0.999604
0.827546	0.827587	0.999768
0.827546	0.862070	0.999866
0.827546	0.896553	0.999925
0.827546	0.931035	0.999961
0.827546	0.965518	0.999984
0.827546	1.000000	0.999998

0.862028	0.000000	0.390975
0.862028	0.034480	0.429993
0.862028	0.068966	0.469007
0.862028	0.103451	0.508015
0.862028	0.137932	0.547016
0.862028	0.172415	0.586005
0.862028	0.206898	0.624975
0.862028	0.241380	0.663909
0.862028	0.275863	0.702783
0.862028	0.310345	0.741553
0.862028	0.344827	0.780125
0.862028	0.379307	0.818314
0.862028	0.413794	0.855738
0.862028	0.448279	0.891608
0.862028	0.482759	0.924458
0.862028	0.517242	0.952086
0.862028	0.551725	0.972438
0.862028	0.586208	0.985264
0.862028	0.620690	0.992356
0.862028	0.655173	0.996006
0.862028	0.689655	0.997854
0.862028	0.724135	0.998809
0.862028	0.758621	0.999320
0.862028	0.793106	0.999605
0.862028	0.827587	0.999769
0.862028	0.862070	0.999867
0.862028	0.896553	0.999926
0.862028	0.931035	0.999962
0.862028	0.965518	0.999984
0.862028	1.000000	0.999999

0.896509	0.000000	0.391007
0.896509	0.034480	0.430023
0.896509	0.068966	0.469038
0.896509	0.103451	0.508046
0.896509	0.137932	0.547048
0.896509	0.172415	0.586037
0.896509	0.206898	0.625005
0.896509	0.241380	0.663940
0.896509	0.275863	0.702815
0.896509	0.310345	0.741584
0.896509	0.344827	0.780157
0.896509	0.379307	0.818345
0.896509	0.413794	0.855768
0.896509	0.448279	0.891636
0.896509	0.482759	0.924484
0.896509	0.517242	0.952107
0.896509	0.551725	0.972453
0.896509	0.586208	0.985273
0.896509	0.620690	0.992362
0.896509	0.655173	0.996009
0.896509	0.689655	0.997856
0.896509	0.724135	0.998810
0.896509	0.758621	0.999322
0.896509	0.793106	0.999606
0.896509	0.827587	0.999770
0.896509	0.862070	0.999868
0.896509	0.896553	0.999927
0.896509	0.931035	0.999963
0.896509	0.965518	0.999985
0.896509	1.000000	0.999999

0.930990	0.000000	0.391027
0.930990	0.034480	0.430044
0.930990	0.068966	0.469057
0.930990	0.103451	0.508066
0.930990	0.137932	0.547067
0.930990	0.172415	0.586056
0.930990	0.206898	0.625023
0.930990	0.241380	0.663959
0.930990	0.275863	0.702834
0.930990	0.310345	0.741603
0.930990	0.344827	0.780176
0.930990	0.379307	0.818364
0.930990	0.413794	0.855787
0.930990	0.448279	0.891655
0.930990	0.482759	0.924499
0.930990	0.517242	0.952121
0.930990	0.551725	0.972463
0.930990	0.586208	0.985279
0.930990	0.620690	0.992365
0.930990	0.655173	0.996011
0.930990	0.689655	0.997858
0.930990	0.724135	0.998811
0.930990	0.758621	0.999322
0.930990	0.793106	0.999606
0.930990	0.827587	0.999771
0.930990	0.862070	0.999868
0.930990	0.896553	0.999927
0.930990	0.931035	0.999963
0.930990	0.965518	0.999986
0.930990	1.000000	1.000000

0.965470	0.000000	0.391039
0.965470	0.034480	0.430056
0.965470	0.068966	0.469070
0.965470	0.103451	0.508079
0.965470	0.137932	0.547081
0.965470	0.172415	0.586069
0.965470	0.206898	0.625039
0.965470	0.241380	0.663972
0.965470	0.275863	0.702847
0.965470	0.310345	0.741617
0.965470	0.344827	0.780188
0.965470	0.379307	0.818377
0.965470	0.413794	0.855799
0.965470	0.448279	0.891666
0.965470	0.482759	0.924512
0.965470	0.517242	0.952129
0.965470	0.551725	0.972469
0.965470	0.586208	0.985283
0.965470	0.620690	0.992368
0.965470	0.655173	0.996013
0.965470	0.689655	0.997859
0.965470	0.724135	0.998812
0.965470	0.758621	0.999322
0.965470	0.793106	0.999607
0.965470	0.827587	0.999771
0.965470	0.862070	0.999868
0.965470	0.896553	0.999927
0.965470	0.931035	0.999963
0.965470	0.965518	0.999986
0.965470	1.000000	1.000000

0.999951	0.000000	0.391047
0.999951	0.034480	0.430062
0.999951	0.068966	0.469077
0.999951	0.103451	0.508086
0.999951	0.137932	0.547088
0.999951	0.172415	0.586077
0.999951	0.206898	0.625045
0.999951	0.241380	0.663979
0.999951	0.275863	0.702854
0.999951	0.310345	0.741624
0.999951	0.344827	0.780196
0.999951	0.379307	0.818386
0.999951	0.413794	0.855806
0.999951	0.448279	0.891673
0.999951	0.482759	0.924517
0.999951	0.517242	0.952134
0.999951	0.551725	0.972473
0.999951	0.586208	0.985285
0.999951	0.620690	0.992369
0.999951	0.655173	0.996014
0.999951	0.689655	0.997859
0.999951	0.724135	0.998812
0.999951	0.758621	0.999323
0.999951	0.793106	0.999607
0.999951	0.827587	0.999771
0.999951	0.862070	0.999869
0.999951	0.896553	0.999927
0.999951	0.931035	0.999964
0.999951	0.965518	0.999986
0.999951	1.000000	1.000000

1.000000	0.000000	0.391051
1.000000	0.034480	0.430068
1.000000	0.068966	0.469082
1.000000	0.103451	0.508091
1.000000	0.137932	0.547092
1.000000	0.172415	0.586081
1.000000	0.206898	0.625051
1.000000	0.241380	0.663984
1.000000	0.275863	0.702860
1.000000	0.310345	0.741628
1.000000	0.344827	0.780201
1.000000	0.379307	0.818389
1.000000	0.413794	0.855812
1.000000	0.448279	0.891678
1.000000	0.482759	0.924522
1.000000	0.517242	0.952138
1.000000	0.551725	0.972475
1.000000	0.586208	0.985287
1.000000	0.620690	0.992370
1.000000	0.655173	0.996014
1.000000	0.689655	0.997859
1.000000	0.724135	0.998813
1.000000	0.758621	0.999323
1.000000	0.793106	0.999607
1.000000	0.827587	0.999771
1.000000	0.862070	0.999869
1.000000	0.896553	0.999927
1.000000	0.931035	0.999964
1.000000	0.965518	0.999986
1.000000	1.000000	1.000000

MseMin = 0.0601014979	IndMseMin = 1
